user	home continent	gender	cluster
1	2	0	8
2	3	0	4
3	1	1	6
4	2	0	1
5	2	1	3
6	2	0	9
7	2	1	4
8	5	0	6
9	1	0	1
10	2	0	4
11	1	0	1
12	2	0	4
13	1	0	9
14	2	0	6
15	1	0	9
16	2	1	8
17	2	1	7
18	2	0	4
19	2	0	3
20	2	1	2
21	2	1	3
22	2	1	1
23	2	0	2
24	2	1	8
25	2	0	1
26	2	0	3
27	1	0	8
28	4	0	3
29	1	0	6
30	3	0	1
31	2	1	6
32	2	1	8
33	7	0	4
34	2	1	6
35	2	0	1
36	2	1	4
37	4	0	1
38	5	1	6
39	2	0	8
40	1	1	1
41	2	0	9
42	5	0	10
43	2	1	1
44	2	1	1
45	1	1	6
46	2	0	1
47	1	1	6
48	2	1	5
49	2	0	5
50	2	0	1
51	2	1	6
52	2	1	1
53	2	1	3
54	2	0	1
55	2	0	7
56	1	1	3
57	2	0	5
58	2	1	1
59	1	0	8
60	2	0	3
61	2	0	9
62	2	1	9
63	2	0	2
64	2	0	1
65	2	1	4
66	2	1	7
67	2	1	6
68	2	1	6
69	2	1	9
70	2	1	9
71	2	0	4
72	2	0	8
73	2	1	1
74	2	0	3
75	2	1	10
76	2	1	9
77	2	1	3
78	1	0	4
79	2	1	6
80	2	1	8
81	2	0	4
82	1	1	1
83	1	1	6
84	1	1	3
85	2	0	10
86	2	0	1
87	2	0	3
88	2	1	9
89	2	1	8
90	5	1	9
91	2	1	9
92	1	1	8
93	5	1	8
94	2	0	1
95	2	0	6
96	2	0	6
97	1	1	1
98	1	0	1
99	2	1	2
100	2	0	1
101	2	1	4
102	1	0	6
103	1	0	1
104	2	0	2
105	3	0	3
106	2	0	1
107	2	1	2
108	2	1	3
109	1	0	3
110	1	0	9
111	2	1	3
112	2	1	1
113	5	0	1
114	2	0	3
115	2	1	3
116	2	0	1
117	2	1	6
118	2	0	7
119	2	1	7
120	2	0	4
121	2	0	8
122	2	0	1
123	5	1	8
124	2	0	8
125	2	1	7
126	1	0	1
127	2	1	1
128	1	1	7
129	2	0	10
130	2	1	1
131	2	1	4
132	2	1	1
133	2	1	4
134	2	0	3
135	2	0	1
136	1	1	1
137	2	1	7
138	2	1	4
139	1	0	1
140	2	1	7
141	2	1	1
142	1	1	10
143	2	1	8
144	2	0	3
145	2	0	1
146	2	1	6
147	2	1	7
148	2	0	1
149	2	1	9
150	2	0	4
151	2	1	9
152	2	0	9
153	2	0	3
154	2	0	7
155	2	0	6
156	2	0	3
157	1	1	1
158	1	0	7
159	2	0	5
160	2	0	7
161	2	0	7
162	1	1	2
163	3	0	1
164	2	0	5
165	1	0	3
166	2	1	3
167	2	0	7
168	2	1	3
169	1	0	6
170	1	1	8
171	2	1	3
172	2	0	1
173	2	0	6
174	5	0	9
175	2	0	1
176	2	1	9
177	2	0	7
178	7	0	1
179	1	0	1
180	2	0	1
181	2	1	3
182	3	0	1
183	2	0	1
184	2	0	9
185	1	0	1
186	2	1	6
187	2	0	9
188	2	0	3
189	1	1	4
190	2	0	7
191	1	1	5
192	2	1	2
193	2	0	1
194	2	0	4
195	2	0	6
196	2	0	1
197	2	1	9
198	2	1	3
199	1	0	6
200	1	1	6
201	2	0	9
202	2	1	1
203	3	0	9
204	2	0	3
205	2	1	3
206	2	1	3
207	2	0	1
208	2	1	4
209	2	0	8
210	2	1	10
211	2	1	1
212	2	1	8
213	2	1	1
214	2	0	6
215	2	1	9
216	2	0	6
217	1	1	1
218	2	0	2
219	2	0	1
220	2	1	1
221	2	1	6
222	1	1	9
223	2	0	5
224	2	0	6
225	5	1	7
226	2	0	6
227	2	0	1
228	2	1	9
229	2	0	9
230	2	0	9
231	2	1	7
232	2	0	9
233	2	1	5
234	1	1	8
235	2	0	1
236	2	0	2
237	2	0	1
238	2	1	4
239	2	1	9
240	3	1	1
241	2	0	6
242	2	0	1
243	2	1	3
244	2	1	7
245	2	0	5
246	4	1	8
247	2	1	1
248	2	0	9
249	1	1	4
250	3	0	5
251	2	0	3
252	2	0	6
253	2	1	9
254	2	0	3
255	2	0	4
256	2	1	8
257	2	1	9
258	2	1	8
259	2	1	9
260	1	1	7
261	2	0	1
262	2	1	1
263	2	0	9
264	2	1	2
265	2	0	1
266	2	1	3
267	3	0	1
268	2	1	1
269	2	0	4
270	2	1	3
271	2	1	1
272	2	1	1
273	2	1	2
274	2	1	3
275	2	0	9
276	2	1	7
277	2	1	1
278	2	0	1
279	2	1	1
280	2	0	1
281	1	1	4
282	4	0	5
283	2	1	8
284	2	0	3
285	2	0	8
286	1	1	9
287	2	1	4
288	2	1	9
289	1	1	7
290	1	1	1
291	2	1	8
292	2	1	1
293	2	0	1
294	2	0	3
295	2	1	3
296	2	1	4
297	2	1	1
298	1	0	6
299	2	0	1
300	2	1	3
301	2	1	4
302	1	1	5
303	2	1	10
304	2	0	3
305	2	1	1
306	2	0	3
307	2	0	4
308	2	0	9
309	2	1	6
310	2	1	9
311	1	1	2
312	2	0	4
313	2	0	8
314	2	0	4
315	1	1	6
316	2	1	6
317	2	1	1
318	2	1	5
319	1	1	7
320	2	0	7
321	5	1	4
322	2	1	1
323	2	0	1
324	2	0	6
325	2	1	3
326	2	1	10
327	2	0	4
328	1	0	9
329	2	0	5
330	2	0	7
331	2	1	8
332	2	1	3
333	3	1	2
334	2	0	7
335	2	0	8
336	2	0	2
337	2	1	6
338	2	1	2
339	5	0	9
340	6	1	7
341	2	1	1
342	2	0	2
343	2	0	9
344	2	1	3
345	1	0	1
346	2	0	2
347	3	0	3
348	2	0	4
349	2	1	9
350	2	0	3
351	2	0	4
352	3	1	9
353	1	0	9
354	2	0	1
355	2	1	5
356	2	0	9
357	1	1	9
358	2	0	3
359	2	0	8
360	2	0	3
361	1	1	3
362	2	1	2
363	2	1	4
364	1	0	4
365	2	0	9
366	2	1	9
367	1	1	9
368	4	1	7
369	2	0	4
370	1	1	1
371	1	1	4
372	2	1	3
373	1	0	9
374	2	0	7
375	2	0	8
376	2	0	4
377	2	1	3
378	2	0	8
379	2	1	3
380	2	1	2
381	1	0	1
382	5	1	7
383	1	0	3
384	2	1	9
385	1	1	7
386	1	1	9
387	3	1	2
388	3	1	4
389	2	1	3
390	2	0	3
391	2	1	1
392	2	0	1
393	4	0	3
394	4	1	7
395	2	1	3
396	1	0	1
397	2	0	4
398	2	0	7
399	2	0	2
400	1	0	1
401	2	1	1
402	1	1	6
403	2	1	3
404	2	0	3
405	1	0	8
406	1	0	8
407	2	0	3
408	2	1	9
409	2	1	4
410	2	0	9
411	2	1	6
412	3	1	6
413	2	1	8
414	2	0	5
415	2	0	3
416	2	0	3
417	5	1	7
418	2	0	9
419	4	0	1
420	1	0	1
421	2	0	1
422	2	0	6
423	2	0	3
424	2	1	1
425	2	1	1
426	2	1	6
427	2	1	8
428	2	0	1
429	1	0	9
430	2	0	3
431	2	1	3
432	3	1	9
433	2	0	9
434	2	1	5
435	2	1	6
436	4	1	1
437	1	1	4
438	2	1	3
439	2	1	9
440	2	0	6
441	2	1	1
442	2	0	5
443	2	1	3
444	2	1	3
445	2	0	3
446	1	0	3
447	2	0	3
448	2	1	9
449	2	1	6
450	2	1	4
451	5	1	3
452	2	0	2
453	2	1	8
454	3	1	3
455	2	1	8
456	2	0	4
457	2	0	1
458	2	0	7
459	2	1	3
460	2	1	1
461	2	1	3
462	2	0	3
463	2	1	9
464	2	0	4
465	7	1	6
466	2	1	1
467	4	0	1
468	2	1	1
469	2	0	2
470	2	0	9
471	2	0	4
472	2	1	7
473	1	1	2
474	4	1	1
475	2	1	1
476	2	1	3
477	5	1	7
478	2	1	9
479	1	0	1
480	1	1	1
481	2	1	6
482	2	1	1
483	2	1	3
484	1	0	1
485	2	1	3
486	2	1	8
487	1	1	1
488	1	0	3
489	1	1	5
490	2	1	9
491	2	0	1
492	1	1	4
493	2	0	1
494	6	0	6
495	2	0	1
496	2	1	3
497	2	0	8
498	2	1	1
499	2	0	1
500	1	1	5
501	2	1	4
502	2	1	4
503	2	1	9
504	2	0	1
505	2	0	1
506	2	1	3
507	1	0	6
508	2	1	8
509	2	1	4
510	2	1	8
511	2	1	3
512	2	1	3
513	1	1	7
514	2	0	9
515	2	1	8
516	2	0	7
517	2	1	1
518	3	1	6
519	2	1	8
520	2	0	3
521	2	1	2
522	2	1	6
523	2	0	3
524	2	1	1
525	2	1	6
526	2	1	9
527	5	0	8
528	2	0	8
529	4	0	3
530	2	1	10
531	2	0	1
532	2	1	1
533	2	1	4
534	2	1	5
535	2	1	7
536	4	1	8
537	2	1	8
538	2	0	1
539	3	0	9
540	2	0	7
541	2	1	1
542	2	0	1
543	4	1	7
544	2	1	1
545	2	0	4
546	1	1	6
547	2	0	1
548	2	0	7
549	1	1	3
550	2	0	8
551	2	1	6
552	2	0	9
553	1	0	3
554	1	1	1
555	1	0	3
556	2	1	3
557	2	1	9
558	1	1	1
559	2	1	9
560	2	1	4
561	2	1	1
562	2	0	1
563	5	1	5
564	2	1	7
565	2	1	8
566	2	1	8
567	2	0	3
568	2	1	1
569	2	1	8
570	2	0	1
571	1	0	4
572	2	1	8
573	2	1	6
574	2	1	7
575	1	1	2
576	3	1	3
577	1	1	7
578	2	1	8
579	2	1	9
580	1	0	8
581	1	0	4
582	2	0	1
583	2	1	6
584	2	0	5
585	2	0	2
586	2	0	6
587	2	1	1
588	2	1	5
589	1	1	3
590	2	1	8
591	2	0	7
592	2	0	6
593	2	0	7
594	1	1	9
595	2	0	10
596	4	1	9
597	2	0	4
598	2	1	8
599	2	1	2
600	2	0	6
601	2	1	1
602	2	0	7
603	4	1	3
604	2	0	1
605	1	0	3
606	2	0	4
607	2	0	1
608	2	1	9
609	2	1	6
610	2	1	1
611	2	1	9
612	2	1	1
613	2	1	3
614	2	0	9
615	2	0	1
616	2	1	7
617	2	0	1
618	2	0	8
619	2	1	5
620	2	1	9
621	2	0	3
622	2	1	6
623	2	1	9
624	2	1	1
625	1	0	1
626	1	1	9
627	1	0	2
628	1	1	1
629	2	0	1
630	2	0	7
631	1	1	1
632	2	1	5
633	1	0	4
634	2	1	8
635	2	0	1
636	2	0	3
637	2	1	4
638	1	1	1
639	7	1	8
640	2	0	6
641	2	0	1
642	2	1	3
643	2	0	5
644	2	1	3
645	2	0	9
646	2	0	1
647	2	1	7
648	2	0	1
649	2	0	6
650	2	1	5
651	2	0	3
652	2	0	5
653	2	0	3
654	5	1	1
655	2	1	5
656	5	0	1
657	4	0	1
658	2	0	9
659	2	1	8
660	2	1	3
661	2	1	4
662	2	1	9
663	2	1	9
664	5	1	7
665	2	1	6
666	1	0	6
667	5	1	1
668	1	0	3
669	2	0	1
670	2	1	1
671	2	1	5
672	2	1	4
673	2	0	5
674	2	1	1
675	1	0	3
676	2	1	7
677	2	1	6
678	2	1	7
679	2	1	5
680	2	1	9
681	1	1	1
682	5	0	6
683	7	1	4
684	2	0	4
685	1	0	4
686	2	1	8
687	2	1	1
688	2	0	3
689	2	1	6
690	2	0	4
691	2	1	8
692	2	0	9
693	1	1	8
694	2	1	3
695	2	0	1
696	2	0	2
697	2	0	6
698	2	1	3
699	5	0	4
700	2	1	1
701	2	1	3
702	1	0	7
703	2	1	6
704	2	0	1
705	2	0	6
706	2	0	1
707	2	1	9
708	2	1	9
709	1	1	9
710	1	0	5
711	2	1	1
712	2	0	5
713	2	0	4
714	1	1	4
715	2	1	8
716	2	1	4
717	1	0	2
718	2	0	3
719	1	1	4
720	2	1	8
721	2	0	1
722	2	1	3
723	2	0	4
724	2	1	3
725	7	0	2
726	2	1	8
727	2	1	9
728	2	0	1
729	2	1	3
730	2	0	1
731	2	1	8
732	2	1	7
733	2	0	3
734	2	1	1
735	2	0	7
736	2	1	6
737	2	0	4
738	1	0	1
739	3	1	10
740	1	0	1
741	2	0	2
742	2	1	9
743	2	1	1
744	3	1	2
745	2	0	4
746	2	1	5
747	2	1	8
748	2	0	1
749	4	1	7
750	1	1	3
751	2	0	9
752	2	1	1
753	2	1	3
754	2	1	6
755	2	0	9
756	2	1	1
757	2	1	1
758	2	0	4
759	1	1	5
760	2	1	3
761	2	1	4
762	2	1	7
763	1	0	1
764	2	0	1
765	2	1	1
766	2	1	9
767	2	0	2
768	2	1	1
769	2	0	8
770	2	0	9
771	2	1	8
772	1	1	1
773	2	1	3
774	2	1	4
775	2	0	3
776	2	1	6
777	2	0	3
778	2	1	7
779	2	0	9
780	2	1	1
781	1	1	7
782	2	1	8
783	1	0	3
784	2	1	8
785	2	0	9
786	2	1	3
787	2	0	2
788	2	1	9
789	2	1	8
790	2	0	9
791	2	0	1
792	5	1	1
793	2	1	7
794	3	0	9
795	2	0	3
796	2	0	3
797	3	1	1
798	4	1	9
799	1	0	8
800	2	1	8
801	2	0	1
802	2	0	6
803	2	1	4
804	2	1	1
805	2	0	6
806	2	1	3
807	2	0	2
808	2	1	1
809	2	1	5
810	2	1	6
811	2	0	6
812	1	0	2
813	2	0	3
814	2	1	4
815	2	1	8
816	4	1	8
817	2	1	3
818	1	1	5
819	1	1	9
820	2	1	4
821	2	0	9
822	1	1	4
823	2	1	1
824	2	1	8
825	2	0	9
826	2	1	1
827	1	1	1
828	2	1	1
829	4	1	1
830	2	0	1
831	2	0	3
832	2	1	7
833	2	0	1
834	2	0	10
835	1	1	2
836	7	0	8
837	2	1	9
838	2	1	8
839	2	1	8
840	5	1	7
841	2	0	8
842	3	0	1
843	2	1	3
844	1	1	3
845	2	0	3
846	2	0	1
847	2	1	6
848	1	0	3
849	2	0	8
850	2	1	8
851	2	0	9
852	2	1	6
853	3	1	1
854	2	1	6
855	2	1	8
856	2	0	6
857	2	1	1
858	1	1	7
859	2	1	3
860	5	1	5
861	2	1	3
862	2	0	1
863	2	1	6
864	2	0	9
865	2	1	4
866	2	0	4
867	2	0	2
868	2	1	1
869	5	0	1
870	2	0	6
871	2	1	6
872	2	1	1
873	2	0	8
874	2	1	1
875	2	0	9
876	2	1	9
877	2	1	1
878	2	1	9
879	2	0	3
880	2	0	1
881	2	0	7
882	2	1	8
883	2	1	9
884	1	1	1
885	2	1	1
886	2	1	2
887	2	1	4
888	1	1	8
889	2	0	10
890	1	0	4
891	2	1	4
892	2	1	9
893	4	0	8
894	2	1	1
895	2	1	3
896	2	0	6
897	2	1	1
898	2	0	9
899	2	0	8
900	3	0	8
901	4	1	9
902	7	1	1
903	2	0	9
904	2	0	1
905	4	0	4
906	2	0	1
907	2	1	7
908	2	0	1
909	2	1	3
910	2	1	1
911	2	1	3
912	2	0	4
913	4	1	1
914	2	0	1
915	5	1	5
916	2	0	4
917	1	1	9
918	1	1	8
919	2	1	3
920	2	0	1
921	1	0	3
922	2	0	4
923	2	1	6
924	3	1	9
925	2	1	9
926	4	1	2
927	2	0	9
928	2	1	1
929	2	0	8
930	1	0	1
931	2	1	7
932	1	0	1
933	2	0	9
934	2	1	9
935	2	1	3
936	2	0	1
937	2	1	3
938	2	1	2
939	2	0	1
940	1	1	8
941	2	1	1
942	2	0	9
943	1	0	1
944	1	1	1
945	2	1	1
946	2	0	7
947	2	1	5
948	1	0	9
949	1	1	4
950	1	1	1
951	1	0	8
952	2	1	4
953	2	0	9
954	2	1	8
955	2	0	9
956	2	1	3
957	2	1	1
958	2	0	6
959	2	1	1
960	2	0	4
961	3	0	3
962	2	1	10
963	2	0	3
964	2	0	1
965	2	0	6
966	2	0	1
967	1	1	6
968	2	0	9
969	2	1	3
970	2	0	5
971	2	1	5
972	2	1	2
973	2	1	6
974	2	0	9
975	2	0	9
976	2	0	6
977	2	1	8
978	1	0	7
979	2	1	7
980	2	0	1
981	2	1	1
982	1	1	9
983	2	1	1
984	2	0	8
985	1	1	1
986	2	1	4
987	2	0	9
988	2	1	1
989	2	1	9
990	2	0	1
991	2	0	6
992	2	0	6
993	2	0	9
994	2	1	9
995	2	0	9
996	2	0	9
997	2	0	3
998	1	0	8
999	2	0	6
1000	2	0	4
1001	3	0	7
1002	1	1	6
1003	2	0	3
1004	2	1	9
1005	1	0	3
1006	3	1	9
1007	2	1	10
1008	2	1	4
1009	1	1	9
1010	4	0	7
1011	4	1	3
1012	1	1	4
1013	2	0	1
1014	1	1	1
1015	2	0	1
1016	2	0	9
1017	2	1	7
1018	2	0	6
1019	5	0	8
1020	2	1	1
1021	4	0	2
1022	2	0	4
1023	2	1	3
1024	2	0	1
1025	4	1	6
1026	2	0	1
1027	2	1	6
1028	2	0	3
1029	2	1	5
1030	2	1	9
1031	2	1	4
1032	1	0	6
1033	2	1	9
1034	2	0	3
1035	3	0	2
1036	2	0	9
1037	2	0	3
1038	1	0	8
1039	2	1	1
1040	2	1	6
1041	3	1	7
1042	2	0	6
1043	3	0	3
1044	2	0	5
1045	2	0	9
1046	1	0	8
1047	2	1	9
1048	2	0	1
1049	1	1	8
1050	2	0	1
1051	2	1	4
1052	2	1	6
1053	2	1	8
1054	2	0	3
1055	2	1	8
1056	2	0	3
1057	2	0	6
1058	2	0	5
1059	2	0	9
1060	2	1	6
1061	2	1	7
1062	2	1	7
1063	2	1	1
1064	1	0	8
1065	2	1	3
1066	2	0	1
1067	2	1	9
1068	1	1	3
1069	2	1	3
1070	2	1	4
1071	2	0	1
1072	4	1	1
1073	2	0	9
1074	5	0	7
1075	2	1	3
1076	1	1	9
1077	2	1	1
1078	2	0	7
1079	2	1	8
1080	1	0	9
1081	2	1	6
1082	2	0	8
1083	2	0	4
1084	2	0	10
1085	2	1	6
1086	2	1	4
1087	2	0	1
1088	2	1	1
1089	2	0	5
1090	6	1	3
1091	2	0	2
1092	1	0	5
1093	1	1	6
1094	2	0	3
1095	1	0	9
1096	2	1	4
1097	2	0	1
1098	1	1	1
1099	2	1	1
1100	2	1	8
1101	2	0	3
1102	2	1	7
1103	2	1	1
1104	2	0	1
1105	1	1	6
1106	2	0	1
1107	2	1	1
1108	2	1	4
1109	2	0	6
1110	2	1	6
1111	2	0	1
1112	2	1	9
1113	2	0	1
1114	2	0	1
1115	2	1	1
1116	1	1	5
1117	2	0	4
1118	1	0	1
1119	2	1	9
1120	2	1	8
1121	2	1	10
1122	2	1	1
1123	2	1	8
1124	1	0	9
1125	2	1	4
1126	2	0	4
1127	2	0	3
1128	2	0	6
1129	2	1	9
1130	2	0	1
1131	2	0	8
1132	2	1	1
1133	2	0	6
1134	4	1	8
1135	5	1	1
1136	2	1	6
1137	2	1	3
1138	2	1	6
1139	1	1	5
1140	2	1	4
1141	2	0	7
1142	5	1	4
1143	2	1	3
1144	2	1	5
1145	2	1	7
1146	2	1	9
1147	5	0	1
1148	2	1	6
1149	2	1	4
1150	4	1	8
1151	1	0	3
1152	2	0	8
1153	1	1	3
1154	2	1	1
1155	1	1	1
1156	2	1	7
1157	1	0	1
1158	1	1	2
1159	2	0	3
1160	2	0	4
1161	2	0	7
1162	2	0	1
1163	4	1	4
1164	2	1	1
1165	2	0	7
1166	2	0	1
1167	2	0	5
1168	2	1	2
1169	6	0	8
1170	2	0	1
1171	2	1	1
1172	2	0	7
1173	2	1	9
1174	1	0	2
1175	2	1	4
1176	4	1	8
1177	2	0	1
1178	4	1	8
1179	5	1	9
1180	3	0	4
1181	2	0	3
1182	2	1	4
1183	2	0	1
1184	2	1	7
1185	2	0	6
1186	5	0	6
1187	2	1	4
1188	2	1	3
1189	2	1	7
1190	2	0	4
1191	2	0	10
1192	2	1	9
1193	2	1	9
1194	2	1	3
1195	2	1	8
1196	4	1	2
1197	2	0	7
1198	2	0	1
1199	2	0	3
1200	2	0	8
1201	2	0	3
1202	2	0	1
1203	1	1	9
1204	2	0	1
1205	2	1	9
1206	2	0	10
1207	2	1	1
1208	2	0	3
1209	2	1	1
1210	4	1	1
1211	2	0	7
1212	2	0	2
1213	1	1	1
1214	2	1	9
1215	2	0	3
1216	2	1	1
1217	1	0	9
1218	2	0	3
1219	2	0	1
1220	2	1	4
1221	5	1	1
1222	2	0	6
1223	4	0	1
1224	2	1	7
1225	2	1	7
1226	2	1	5
1227	2	1	3
1228	2	0	5
1229	2	1	4
1230	2	0	1
1231	2	0	1
1232	5	0	1
1233	2	0	9
1234	2	1	7
1235	2	0	6
1236	2	1	6
1237	4	1	3
1238	2	1	4
1239	3	1	9
1240	7	1	4
1241	2	1	1
1242	2	0	3
1243	2	1	3
1244	2	1	6
1245	3	0	4
1246	2	1	4
1247	2	1	8
1248	2	0	1
1249	2	0	6
1250	2	1	9
1251	2	1	8
1252	2	0	1
1253	2	1	7
1254	3	1	2
1255	2	0	1
1256	2	1	3
1257	2	1	1
1258	2	0	3
1259	2	1	10
1260	1	0	9
1261	2	0	8
1262	2	1	3
1263	1	1	6
1264	6	0	1
1265	2	1	6
1266	2	1	6
1267	2	1	6
1268	2	0	8
1269	2	0	9
1270	1	0	1
1271	1	1	3
1272	2	0	1
1273	2	1	6
1274	1	0	9
1275	4	0	3
1276	4	1	6
1277	1	0	1
1278	2	1	2
1279	1	0	3
1280	2	0	2
1281	2	1	5
1282	2	1	6
1283	2	0	3
1284	2	0	8
1285	2	1	8
1286	2	0	8
1287	1	0	1
1288	1	1	1
1289	2	1	8
1290	1	1	1
1291	3	1	1
1292	2	1	8
1293	2	0	3
1294	1	1	8
1295	2	0	1
1296	2	0	2
1297	2	1	9
1298	2	0	6
1299	2	0	6
1300	2	0	8
1301	2	1	3
1302	2	0	1
1303	1	0	5
1304	2	1	1
1305	1	1	4
1306	2	0	8
1307	1	0	1
1308	2	0	2
1309	1	1	6
1310	2	0	1
1311	3	1	2
1312	2	1	1
1313	2	1	1
1314	2	1	1
1315	2	0	9
1316	2	1	9
1317	1	1	1
1318	2	1	3
1319	2	0	7
1320	4	0	4
1321	2	0	1
1322	2	0	9
1323	2	0	10
1324	2	0	6
1325	2	1	3
1326	2	1	1
1327	2	1	1
1328	1	1	5
1329	2	0	3
1330	2	0	1
1331	4	0	4
1332	1	0	3
1333	2	0	1
1334	2	0	5
1335	2	1	3
1336	2	0	5
1337	1	1	1
1338	2	1	9
1339	2	1	3
1340	2	1	1
1341	2	1	5
1342	2	0	7
1343	2	0	4
1344	2	1	3
1345	4	0	9
1346	2	0	1
1347	2	1	7
1348	2	1	9
1349	2	1	3
1350	2	0	7
1351	2	1	9
1352	1	1	1
1353	1	1	1
1354	2	0	9
1355	2	1	7
1356	2	1	6
1357	2	0	6
1358	2	0	3
1359	2	1	1
1360	1	1	2
1361	2	0	8
1362	2	1	4
1363	5	0	1
1364	5	1	5
1365	2	0	5
1366	2	1	5
1367	2	1	3
1368	1	1	9
1369	1	1	3
1370	2	1	9
1371	2	0	1
1372	2	1	9
1373	2	0	1
1374	2	1	9
1375	2	0	1
1376	2	1	9
1377	2	1	6
1378	2	1	2
1379	2	1	1
1380	2	0	3
1381	2	1	1
1382	2	1	4
1383	1	0	3
1384	2	0	6
1385	2	0	6
1386	2	1	1
1387	2	1	6
1388	2	1	7
1389	1	1	9
1390	2	0	1
1391	3	1	1
1392	2	0	4
1393	2	1	5
1394	2	1	4
1395	1	0	5
1396	2	0	5
1397	2	0	7
1398	2	1	9
1399	2	0	1
1400	2	1	1
1401	2	0	1
1402	2	0	7
1403	2	1	1
1404	2	1	9
1405	3	1	1
1406	2	1	9
1407	2	0	8
1408	1	1	9
1409	2	1	7
1410	1	1	1
1411	2	0	7
1412	2	1	6
1413	2	0	2
1414	2	0	1
1415	2	1	10
1416	2	0	3
1417	2	0	1
1418	2	1	3
1419	1	1	3
1420	2	1	1
1421	2	1	8
1422	2	1	9
1423	2	0	8
1424	3	1	7
1425	2	0	1
1426	2	1	8
1427	1	1	9
1428	7	0	7
1429	1	0	5
1430	1	1	3
1431	2	1	3
1432	2	0	1
1433	2	0	4
1434	2	0	9
1435	2	1	7
1436	2	0	1
1437	2	0	1
1438	5	1	5
1439	2	1	3
1440	2	0	3
1441	2	1	7
1442	3	1	2
1443	2	1	1
1444	2	1	6
1445	5	1	9
1446	7	1	5
1447	2	0	7
1448	2	0	4
1449	6	0	3
1450	1	0	7
1451	1	0	8
1452	2	1	8
1453	2	1	1
1454	1	1	3
1455	2	1	1
1456	2	1	8
1457	2	0	1
1458	2	0	1
1459	2	0	9
1460	2	1	9
1461	2	0	6
1462	2	1	9
1463	2	0	1
1464	1	1	3
1465	2	0	1
1466	2	0	3
1467	2	1	2
1468	3	0	6
1469	2	0	9
1470	2	0	8
1471	1	1	6
1472	4	1	1
1473	2	1	9
1474	2	0	3
1475	2	1	1
1476	2	1	5
1477	1	1	5
1478	2	1	1
1479	2	0	3
1480	3	0	3
1481	2	0	9
1482	2	0	3
1483	2	0	4
1484	2	0	8
1485	2	1	6
1486	2	0	3
1487	2	1	1
1488	1	1	3
1489	1	0	9
1490	1	0	9
1491	1	1	9
1492	2	1	3
1493	2	1	9
1494	1	0	3
1495	2	1	4
1496	2	1	5
1497	2	0	10
1498	1	1	9
1499	1	1	3
1500	2	1	9
1501	1	0	1
1502	2	1	6
1503	2	1	1
1504	2	0	9
1505	1	0	3
1506	2	0	9
1507	2	1	1
1508	2	0	6
1509	2	1	3
1510	1	0	8
1511	2	1	9
1512	1	0	6
1513	1	0	4
1514	1	0	3
1515	2	0	4
1516	2	1	1
1517	2	0	9
1518	2	0	2
1519	2	0	1
1520	2	0	1
1521	1	0	3
1522	2	1	1
1523	2	0	7
1524	2	1	10
1525	2	0	1
1526	2	1	1
1527	2	1	1
1528	2	1	4
1529	2	1	1
1530	3	0	6
1531	1	1	3
1532	2	0	1
1533	2	0	1
1534	2	1	4
1535	2	1	8
1536	2	1	9
1537	4	1	2
1538	2	1	2
1539	1	0	2
1540	2	1	1
1541	1	0	6
1542	2	0	3
1543	1	1	3
1544	2	0	1
1545	3	1	4
1546	1	0	8
1547	5	1	3
1548	2	1	1
1549	1	0	9
1550	2	0	1
1551	2	0	8
1552	2	1	4
1553	2	1	1
1554	1	1	1
1555	2	0	9
1556	1	0	3
1557	1	1	8
1558	2	0	1
1559	2	1	9
1560	2	0	8
1561	2	1	3
1562	1	1	1
1563	2	0	9
1564	2	0	7
1565	2	1	7
1566	3	0	2
1567	1	1	1
1568	2	1	4
1569	3	1	7
1570	1	0	4
1571	2	0	4
1572	2	1	1
1573	5	0	1
1574	5	1	1
1575	2	1	1
1576	2	0	4
1577	2	1	1
1578	5	1	7
1579	2	1	3
1580	2	1	3
1581	2	0	9
1582	2	1	4
1583	3	0	3
1584	2	1	9
1585	2	0	5
1586	2	1	4
1587	2	0	9
1588	2	0	9
1589	2	0	9
1590	2	0	9
1591	1	0	1
1592	2	0	3
1593	1	0	9
1594	2	1	3
1595	2	1	5
1596	4	1	5
1597	2	1	1
1598	2	1	7
1599	2	1	1
1600	3	1	9
1601	2	0	7
1602	4	1	8
1603	2	0	4
1604	1	0	1
1605	2	0	1
1606	1	1	1
1607	2	0	1
1608	1	0	1
1609	2	1	7
1610	2	0	1
1611	2	0	2
1612	2	1	9
1613	3	1	1
1614	2	0	5
1615	2	0	10
1616	2	1	6
1617	2	0	1
1618	1	1	1
1619	2	0	7
1620	5	1	5
1621	2	0	7
1622	2	1	3
1623	1	0	6
1624	2	0	7
1625	2	1	2
1626	2	0	1
1627	2	0	5
1628	2	1	1
1629	4	1	3
1630	2	1	7
1631	2	1	1
1632	2	1	9
1633	2	1	9
1634	2	1	1
1635	2	1	8
1636	2	1	8
1637	3	1	2
1638	2	1	1
1639	2	0	9
1640	2	1	9
1641	3	1	3
1642	2	1	1
1643	2	0	4
1644	2	1	8
1645	2	1	3
1646	2	1	1
1647	5	1	7
1648	3	1	8
1649	2	1	8
1650	2	0	4
1651	2	0	9
1652	2	1	10
1653	1	1	3
1654	2	1	1
1655	2	0	1
1656	1	1	8
1657	2	0	1
1658	2	1	9
1659	2	0	10
1660	2	1	3
1661	3	1	2
1662	2	1	1
1663	2	0	10
1664	2	0	8
1665	2	1	8
1666	1	1	1
1667	3	1	10
1668	1	0	1
1669	2	1	9
1670	1	1	1
1671	2	0	9
1672	1	0	3
1673	7	1	8
1674	2	1	2
1675	2	1	7
1676	2	1	1
1677	2	0	6
1678	1	0	1
1679	1	1	8
1680	1	1	1
1681	2	1	1
1682	4	1	1
1683	2	0	7
1684	2	0	9
1685	2	0	3
1686	2	0	3
1687	2	0	5
1688	1	0	8
1689	2	0	6
1690	2	1	3
1691	2	0	8
1692	2	0	7
1693	3	1	6
1694	5	1	3
1695	2	1	7
1696	2	0	7
1697	2	0	3
1698	2	1	10
1699	2	1	4
1700	2	0	9
1701	2	0	7
1702	1	0	2
1703	2	1	4
1704	2	1	9
1705	1	1	9
1706	2	1	1
1707	2	0	3
1708	2	0	3
1709	1	1	6
1710	2	0	8
1711	2	1	3
1712	3	1	6
1713	2	0	9
1714	2	1	1
1715	2	0	1
1716	2	0	4
1717	2	1	5
1718	2	1	3
1719	2	1	2
1720	2	1	8
1721	2	0	9
1722	2	1	8
1723	1	0	6
1724	2	0	1
1725	2	1	9
1726	2	1	4
1727	1	1	8
1728	2	1	6
1729	1	0	7
1730	2	0	2
1731	3	0	3
1732	2	1	7
1733	1	0	4
1734	1	1	9
1735	2	1	1
1736	2	0	9
1737	2	0	1
1738	2	1	7
1739	2	1	2
1740	2	1	1
1741	2	1	4
1742	2	1	6
1743	2	1	5
1744	2	0	1
1745	1	1	3
1746	2	0	1
1747	2	0	6
1748	2	0	8
1749	2	1	7
1750	2	0	9
1751	1	0	5
1752	2	0	1
1753	2	1	10
1754	2	0	1
1755	2	0	9
1756	2	1	9
1757	1	1	1
1758	5	1	6
1759	2	0	2
1760	2	1	1
1761	3	0	1
1762	2	0	9
1763	2	1	9
1764	2	1	5
1765	2	1	9
1766	2	0	1
1767	2	0	6
1768	2	1	9
1769	2	0	6
1770	2	1	9
1771	2	0	6
1772	2	1	9
1773	3	1	9
1774	2	0	1
1775	2	0	6
1776	2	0	8
1777	3	1	9
1778	1	1	8
1779	2	0	3
1780	1	1	5
1781	2	0	3
1782	1	1	1
1783	2	0	3
1784	2	0	3
1785	2	0	3
1786	1	1	1
1787	2	0	6
1788	2	0	9
1789	1	0	8
1790	2	1	9
1791	2	0	1
1792	1	0	1
1793	2	0	1
1794	2	0	3
1795	4	0	8
1796	2	0	4
1797	2	1	1
1798	2	0	8
1799	3	0	9
1800	2	0	1
1801	2	1	1
1802	2	1	7
1803	2	0	9
1804	1	0	5
1805	3	0	2
1806	2	0	1
1807	2	0	1
1808	4	0	6
1809	2	1	1
1810	1	1	6
1811	2	1	5
1812	2	1	9
1813	4	0	7
1814	2	0	1
1815	2	0	3
1816	2	0	4
1817	2	0	1
1818	2	0	1
1819	1	1	3
1820	2	1	8
1821	2	1	4
1822	2	0	8
1823	3	1	2
1824	2	0	4
1825	2	0	3
1826	2	1	1
1827	2	1	8
1828	2	1	1
1829	2	0	4
1830	2	0	5
1831	2	0	1
1832	2	1	4
1833	2	0	4
1834	2	0	10
1835	2	1	4
1836	2	1	10
1837	2	0	7
1838	1	0	3
1839	2	0	1
1840	2	0	8
1841	2	1	1
1842	1	1	1
1843	2	1	4
1844	2	0	4
1845	1	1	4
1846	2	0	6
1847	1	1	1
1848	2	1	1
1849	2	0	9
1850	2	0	7
1851	2	0	1
1852	2	0	7
1853	2	0	1
1854	2	0	1
1855	2	1	1
1856	2	0	1
1857	2	1	1
1858	2	0	8
1859	2	1	1
1860	2	0	1
1861	2	0	9
1862	2	0	8
1863	2	0	1
1864	2	1	1
1865	2	1	5
1866	2	1	3
1867	2	0	1
1868	1	0	1
1869	1	1	8
1870	2	1	6
1871	2	0	5
1872	2	1	6
1873	2	0	8
1874	2	0	7
1875	2	1	9
1876	2	1	4
1877	2	1	3
1878	2	1	7
1879	2	1	9
1880	2	0	1
1881	2	1	6
1882	1	1	1
1883	2	0	5
1884	2	1	9
1885	1	0	8
1886	1	1	4
1887	1	0	3
1888	2	1	8
1889	3	1	3
1890	2	1	3
1891	2	1	3
1892	2	1	8
1893	5	1	7
1894	2	1	8
1895	2	1	1
1896	2	1	1
1897	2	1	9
1898	2	0	6
1899	2	0	3
1900	2	1	3
1901	2	1	3
1902	2	1	1
1903	2	0	9
1904	2	1	3
1905	2	1	1
1906	2	1	6
1907	2	1	9
1908	2	0	3
1909	2	0	9
1910	2	1	9
1911	1	1	3
1912	2	0	5
1913	1	0	1
1914	2	0	1
1915	2	0	3
1916	7	1	6
1917	2	0	1
1918	2	0	1
1919	2	1	1
1920	2	0	9
1921	1	0	10
1922	2	1	3
1923	2	0	1
1924	1	1	1
1925	2	0	1
1926	5	1	1
1927	2	0	6
1928	4	1	1
1929	2	1	5
1930	2	0	4
1931	1	0	1
1932	2	1	9
1933	2	1	1
1934	3	1	7
1935	2	0	7
1936	2	0	3
1937	2	0	1
1938	2	0	3
1939	1	1	5
1940	4	1	4
1941	7	1	6
1942	1	0	3
1943	2	0	5
1944	1	0	3
1945	1	0	3
1946	1	1	1
1947	2	1	6
1948	2	1	3
1949	2	1	4
1950	2	0	1
1951	2	0	7
1952	2	0	9
1953	2	0	1
1954	2	0	8
1955	3	1	9
1956	2	0	9
1957	2	0	3
1958	2	0	8
1959	2	0	5
1960	4	1	2
1961	1	1	8
1962	2	1	1
1963	2	1	1
1964	2	0	6
1965	2	1	1
1966	2	1	1
1967	2	0	7
1968	2	0	6
1969	2	1	8
1970	2	1	1
1971	1	0	8
1972	2	1	4
1973	2	1	9
1974	1	1	1
1975	2	0	7
1976	2	0	1
1977	2	0	8
1978	2	1	1
1979	1	0	8
1980	2	0	1
1981	2	1	1
1982	2	1	4
1983	2	1	9
1984	2	0	6
1985	2	0	8
1986	2	1	8
1987	2	0	4
1988	2	0	1
1989	2	1	1
1990	1	0	2
1991	2	1	7
1992	2	0	9
1993	2	0	9
1994	4	1	5
1995	1	0	1
1996	1	0	8
1997	1	0	1
1998	2	1	1
1999	2	0	3
2000	2	0	9
2001	2	1	8
2002	4	1	1
2003	2	0	4
2004	2	0	7
2005	2	0	4
2006	1	1	5
2007	1	0	6
2008	2	0	7
2009	3	1	1
2010	2	1	10
2011	2	0	6
2012	2	1	9
2013	1	1	4
2014	1	1	3
2015	2	0	5
2016	2	1	6
2017	2	1	8
2018	2	0	8
2019	2	1	8
2020	4	1	3
2021	2	1	6
2022	2	1	1
2023	1	0	6
2024	2	0	1
2025	2	1	7
2026	2	1	9
2027	2	0	1
2028	2	1	6
2029	2	0	1
2030	2	1	1
2031	2	0	7
2032	2	0	9
2033	2	1	5
2034	2	0	1
2035	2	1	6
2036	5	1	2
2037	2	1	9
2038	2	1	8
2039	2	1	9
2040	2	0	4
2041	1	0	4
2042	2	1	6
2043	5	0	3
2044	2	1	8
2045	5	0	2
2046	2	0	4
2047	2	1	3
2048	2	0	1
2049	2	0	1
2050	2	1	1
2051	1	0	1
2052	1	1	3
2053	2	0	4
2054	1	1	9
2055	2	0	9
2056	2	1	2
2057	2	0	3
2058	2	1	8
2059	1	0	1
2060	4	1	1
2061	2	0	1
2062	2	1	7
2063	2	1	1
2064	2	1	1
2065	2	1	1
2066	2	1	1
2067	2	1	5
2068	1	1	1
2069	2	1	9
2070	2	0	7
2071	2	0	4
2072	2	1	1
2073	2	1	1
2074	2	0	3
2075	5	0	7
2076	2	1	4
2077	2	0	9
2078	2	1	1
2079	2	0	7
2080	2	1	1
2081	2	0	9
2082	2	1	2
2083	2	0	1
2084	2	0	8
2085	2	1	5
2086	2	0	4
2087	5	0	3
2088	2	1	3
2089	2	0	1
2090	2	1	8
2091	2	1	8
2092	2	0	9
2093	2	0	8
2094	2	1	10
2095	2	1	1
2096	2	1	4
2097	7	0	5
2098	2	0	7
2099	1	0	5
2100	3	0	1
2101	2	0	6
2102	2	1	9
2103	1	1	6
2104	2	0	4
2105	1	0	6
2106	2	0	7
2107	5	1	3
2108	2	1	6
2109	2	0	8
2110	2	1	3
2111	2	1	3
2112	2	0	7
2113	2	0	7
2114	1	1	9
2115	1	0	7
2116	2	0	3
2117	2	0	4
2118	2	0	7
2119	2	1	1
2120	2	1	1
2121	2	0	9
2122	2	1	1
2123	2	1	1
2124	2	1	9
2125	2	1	4
2126	4	1	8
2127	2	1	4
2128	2	1	2
2129	2	0	9
2130	2	1	1
2131	2	1	5
2132	2	1	7
2133	2	1	1
2134	1	0	1
2135	2	1	9
2136	2	1	7
2137	2	1	9
2138	2	0	9
2139	1	1	1
2140	2	1	6
2141	1	1	8
2142	2	1	3
2143	1	0	6
2144	2	1	8
2145	2	1	6
2146	2	0	3
2147	3	1	9
2148	3	0	7
2149	2	0	7
2150	2	1	4
2151	2	1	1
2152	2	0	1
2153	2	0	4
2154	3	1	5
2155	4	1	2
2156	4	1	8
2157	1	1	2
2158	2	0	5
2159	2	0	10
2160	2	0	8
2161	2	1	4
2162	2	1	5
2163	2	0	6
2164	2	1	7
2165	2	0	4
2166	2	0	6
2167	2	1	6
2168	2	1	6
2169	2	0	2
2170	3	0	5
2171	2	0	8
2172	2	1	1
2173	2	1	3
2174	2	1	1
2175	2	1	10
2176	2	0	1
2177	2	0	1
2178	2	0	9
2179	2	1	4
2180	2	1	7
2181	3	0	1
2182	1	1	4
2183	1	1	1
2184	2	1	6
2185	2	0	6
2186	2	0	1
2187	2	0	3
2188	1	1	6
2189	2	1	8
2190	2	0	1
2191	1	1	4
2192	2	1	2
2193	1	0	1
2194	2	0	8
2195	2	1	2
2196	2	1	1
2197	2	0	3
2198	2	0	1
2199	2	1	4
2200	1	0	8
2201	2	1	3
2202	1	1	5
2203	3	1	8
2204	2	0	2
2205	2	1	1
2206	2	1	6
2207	1	0	2
2208	2	0	1
2209	2	1	6
2210	2	0	1
2211	2	1	7
2212	1	1	9
2213	2	0	6
2214	2	1	6
2215	2	1	1
2216	2	1	4
2217	2	0	4
2218	1	0	3
2219	1	1	8
2220	3	1	3
2221	2	0	2
2222	2	1	3
2223	1	1	8
2224	1	1	4
2225	2	0	3
2226	1	0	6
2227	2	1	2
2228	2	0	1
2229	5	1	1
2230	1	0	9
2231	2	0	3
2232	1	1	1
2233	2	1	4
2234	2	0	1
2235	2	1	8
2236	1	0	9
2237	1	0	1
2238	7	0	2
2239	1	0	3
2240	2	1	1
2241	2	0	1
2242	1	0	8
2243	2	0	3
2244	1	1	9
2245	2	0	3
2246	2	1	2
2247	2	1	6
2248	2	0	6
2249	2	0	5
2250	1	1	3
2251	2	0	3
2252	2	0	1
2253	2	1	4
2254	1	1	4
2255	1	0	1
2256	1	1	4
2257	2	0	2
2258	2	1	9
2259	2	1	7
2260	2	1	1
2261	2	0	9
2262	2	0	7
2263	2	0	5
2264	2	1	3
2265	2	0	3
2266	2	0	8
2267	2	1	4
2268	2	1	2
2269	2	0	3
2270	1	0	2
2271	2	0	3
2272	1	1	6
2273	2	0	1
2274	2	1	1
2275	2	1	4
2276	3	1	3
2277	1	1	3
2278	2	1	4
2279	2	0	9
2280	2	1	9
2281	7	0	9
2282	6	1	1
2283	1	1	9
2284	2	1	1
2285	2	0	9
2286	2	0	4
2287	2	0	6
2288	4	0	2
2289	2	1	7
2290	3	0	6
2291	2	1	1
2292	2	1	3
2293	2	0	9
2294	2	1	7
2295	2	0	9
2296	1	1	1
2297	3	1	5
2298	2	0	1
2299	2	0	1
2300	1	0	1
2301	2	1	1
2302	2	0	5
2303	2	0	7
2304	2	1	8
2305	2	1	8
2306	2	1	8
2307	2	0	1
2308	2	0	9
2309	2	0	4
2310	1	0	3
2311	2	1	5
2312	2	1	5
2313	1	0	3
2314	2	0	1
2315	2	1	6
2316	2	0	7
2317	1	0	2
2318	2	0	3
2319	2	0	4
2320	1	0	9
2321	2	0	3
2322	3	1	9
2323	2	0	1
2324	2	1	3
2325	2	0	9
2326	1	1	3
2327	2	1	1
2328	2	0	3
2329	2	0	1
2330	2	1	6
2331	2	1	1
2332	4	0	9
2333	2	0	5
2334	3	1	1
2335	1	0	1
2336	2	0	6
2337	2	1	9
2338	2	0	1
2339	2	1	8
2340	2	0	1
2341	2	1	8
2342	4	1	5
2343	3	0	9
2344	2	1	7
2345	2	1	3
2346	2	0	1
2347	2	1	9
2348	2	1	2
2349	4	1	1
2350	2	0	8
2351	2	0	4
2352	2	0	3
2353	2	0	3
2354	2	1	9
2355	2	1	1
2356	2	1	6
2357	1	1	9
2358	2	0	8
2359	1	0	1
2360	3	0	1
2361	2	1	1
2362	2	0	9
2363	2	0	3
2364	1	1	1
2365	3	1	2
2366	2	0	3
2367	2	1	6
2368	2	1	6
2369	2	1	8
2370	1	0	3
2371	2	1	3
2372	1	0	1
2373	2	1	8
2374	2	1	3
2375	2	1	4
2376	2	0	6
2377	2	0	5
2378	2	1	8
2379	2	0	7
2380	1	1	4
2381	2	1	3
2382	1	1	3
2383	1	1	3
2384	2	0	5
2385	2	1	6
2386	2	1	3
2387	2	1	9
2388	3	1	1
2389	1	0	6
2390	2	1	2
2391	2	0	1
2392	2	1	3
2393	2	1	3
2394	2	1	9
2395	2	1	6
2396	1	0	2
2397	1	1	5
2398	2	0	7
2399	2	1	1
2400	2	1	7
2401	2	0	4
2402	2	0	2
2403	2	0	1
2404	2	1	9
2405	2	1	3
2406	2	0	1
2407	2	1	2
2408	2	1	6
2409	1	1	1
2410	2	0	6
2411	2	1	1
2412	2	1	4
2413	1	0	2
2414	3	0	10
2415	2	1	1
2416	2	1	9
2417	2	1	3
2418	2	1	1
2419	2	0	1
2420	2	0	3
2421	2	1	6
2422	1	1	4
2423	2	1	10
2424	1	1	6
2425	1	1	3
2426	2	1	1
2427	1	0	9
2428	2	0	2
2429	2	0	2
2430	2	1	4
2431	2	1	1
2432	2	1	8
2433	2	0	4
2434	2	1	1
2435	2	0	3
2436	2	1	7
2437	2	1	6
2438	2	0	3
2439	2	1	3
2440	2	1	6
2441	1	1	1
2442	1	0	1
2443	1	0	5
2444	2	1	1
2445	1	0	6
2446	2	1	8
2447	5	1	2
2448	2	1	2
2449	2	0	7
2450	1	0	3
2451	2	1	4
2452	2	1	8
2453	2	1	7
2454	2	0	8
2455	1	1	3
2456	1	1	3
2457	1	0	7
2458	2	1	3
2459	1	1	6
2460	2	1	7
2461	1	1	1
2462	2	0	4
2463	2	1	3
2464	2	1	2
2465	1	0	5
2466	2	0	1
2467	2	1	5
2468	1	0	10
2469	2	1	3
2470	1	0	1
2471	2	0	1
2472	1	1	1
2473	2	1	2
2474	1	1	4
2475	2	1	9
2476	2	1	6
2477	1	0	3
2478	2	1	3
2479	2	1	4
2480	2	1	1
2481	2	0	8
2482	2	0	8
2483	1	1	5
2484	2	0	2
2485	2	0	9
2486	2	1	1
2487	2	1	3
2488	2	1	4
2489	2	0	9
2490	2	0	8
2491	5	1	5
2492	2	0	6
2493	2	0	1
2494	2	0	1
2495	2	1	1
2496	1	0	1
2497	2	0	3
2498	1	0	8
2499	2	0	8
2500	2	0	4
2501	2	0	1
2502	2	1	1
2503	3	0	9
2504	2	0	7
2505	2	0	6
2506	2	0	9
2507	2	0	2
2508	2	1	8
2509	1	0	1
2510	2	1	1
2511	2	0	9
2512	2	0	6
2513	1	1	9
2514	2	1	1
2515	5	1	9
2516	1	1	9
2517	2	1	1
2518	2	1	7
2519	2	0	4
2520	2	0	1
2521	2	1	1
2522	2	0	3
2523	2	0	7
2524	4	0	6
2525	2	0	6
2526	2	1	3
2527	2	0	8
2528	1	1	7
2529	2	0	8
2530	2	1	7
2531	4	0	7
2532	2	1	1
2533	3	0	4
2534	7	1	1
2535	2	0	3
2536	1	0	6
2537	2	0	3
2538	2	0	5
2539	1	1	3
2540	2	1	3
2541	2	0	7
2542	2	1	9
2543	1	0	9
2544	4	1	9
2545	2	1	1
2546	2	1	7
2547	2	1	9
2548	1	1	6
2549	2	1	1
2550	2	0	1
2551	3	0	9
2552	2	0	1
2553	2	1	3
2554	2	1	9
2555	2	1	8
2556	2	1	6
2557	3	1	8
2558	2	0	5
2559	3	1	8
2560	2	0	3
2561	2	0	4
2562	2	0	3
2563	2	1	9
2564	7	1	8
2565	2	1	4
2566	2	0	9
2567	2	1	9
2568	2	1	8
2569	2	0	9
2570	2	0	6
2571	2	1	9
2572	2	0	4
2573	2	0	2
2574	1	1	8
2575	2	0	1
2576	2	1	10
2577	1	1	3
2578	2	1	2
2579	2	0	1
2580	2	1	7
2581	2	0	3
2582	3	0	4
2583	2	1	6
2584	2	0	6
2585	2	0	1
2586	2	1	8
2587	2	0	5
2588	2	1	2
2589	2	1	1
2590	2	1	1
2591	1	1	8
2592	2	1	9
2593	2	0	9
2594	2	0	8
2595	2	0	4
2596	2	0	10
2597	1	0	1
2598	4	0	6
2599	2	0	9
2600	2	1	3
2601	1	0	4
2602	2	1	1
2603	3	1	9
2604	2	1	1
2605	2	0	6
2606	2	0	1
2607	4	0	7
2608	2	0	9
2609	1	1	1
2610	1	1	9
2611	2	0	8
2612	2	1	8
2613	2	1	2
2614	2	0	1
2615	2	1	8
2616	2	1	7
2617	1	1	9
2618	3	1	8
2619	1	1	9
2620	2	0	7
2621	2	1	4
2622	2	1	4
2623	2	1	4
2624	3	1	1
2625	2	0	7
2626	2	1	1
2627	5	0	7
2628	2	1	4
2629	2	0	6
2630	2	0	6
2631	2	1	7
2632	2	1	9
2633	1	1	3
2634	2	0	2
2635	2	1	8
2636	2	1	9
2637	2	1	9
2638	2	1	6
2639	2	1	4
2640	2	1	1
2641	2	0	2
2642	2	1	1
2643	2	0	1
2644	2	1	7
2645	2	0	9
2646	2	0	3
2647	2	0	1
2648	1	1	3
2649	2	0	6
2650	2	0	8
2651	2	0	4
2652	2	1	10
2653	2	0	8
2654	2	0	9
2655	2	0	1
2656	2	0	10
2657	2	0	1
2658	2	0	8
2659	1	1	6
2660	2	0	1
2661	2	1	8
2662	2	1	3
2663	2	0	1
2664	1	0	4
2665	2	0	7
2666	2	0	9
2667	1	1	8
2668	2	1	1
2669	2	1	4
2670	4	1	1
2671	1	0	7
2672	2	1	1
2673	3	0	6
2674	2	0	1
2675	2	1	3
2676	2	1	8
2677	2	1	4
2678	3	1	3
2679	2	1	2
2680	2	0	4
2681	5	1	1
2682	2	0	8
2683	2	1	1
2684	1	0	6
2685	1	0	3
2686	2	1	7
2687	2	0	3
2688	2	1	7
2689	2	1	6
2690	2	1	6
2691	2	1	1
2692	2	1	3
2693	1	1	6
2694	2	1	1
2695	2	0	8
2696	2	1	4
2697	2	1	6
2698	3	1	1
2699	1	0	1
2700	1	1	9
2701	2	1	1
2702	2	0	3
2703	2	1	5
2704	2	0	1
2705	4	1	9
2706	2	0	8
2707	5	0	1
2708	2	1	3
2709	2	0	7
2710	2	0	3
2711	6	1	4
2712	2	1	4
2713	6	0	6
2714	1	0	3
2715	2	0	1
2716	1	0	1
2717	4	1	10
2718	2	0	9
2719	1	1	2
2720	2	1	8
2721	1	0	4
2722	1	1	8
2723	2	0	3
2724	2	0	3
2725	2	0	7
2726	2	0	4
2727	1	0	1
2728	2	1	9
2729	2	0	1
2730	2	1	4
2731	2	0	8
2732	2	0	7
2733	2	1	1
2734	2	1	6
2735	2	0	7
2736	2	0	7
2737	2	0	1
2738	2	0	4
2739	2	1	1
2740	4	0	1
2741	2	0	5
2742	2	0	8
2743	2	1	8
2744	1	1	9
2745	1	0	6
2746	2	1	6
2747	2	0	1
2748	2	0	3
2749	2	0	8
2750	1	1	8
2751	1	1	6
2752	2	0	3
2753	2	0	3
2754	2	1	6
2755	2	1	8
2756	2	1	3
2757	1	1	1
2758	2	1	7
2759	2	1	8
2760	5	1	3
2761	2	1	6
2762	2	1	2
2763	2	0	1
2764	1	0	6
2765	2	0	3
2766	2	1	1
2767	2	0	6
2768	2	0	5
2769	2	1	8
2770	2	1	3
2771	2	1	7
2772	2	1	8
2773	2	0	6
2774	2	0	3
2775	2	0	1
2776	1	0	10
2777	2	0	6
2778	1	1	1
2779	2	1	9
2780	2	1	6
2781	2	0	8
2782	2	1	1
2783	2	0	6
2784	2	1	6
2785	2	1	4
2786	2	1	9
2787	2	0	2
2788	1	1	2
2789	2	0	3
2790	2	1	9
2791	2	1	3
2792	2	0	7
2793	3	1	7
2794	1	1	7
2795	3	0	3
2796	2	1	9
2797	2	0	9
2798	1	1	3
2799	2	0	1
2800	2	1	1
2801	2	1	1
2802	2	0	2
2803	2	1	10
2804	4	1	5
2805	2	0	8
2806	2	1	7
2807	3	0	2
2808	1	0	10
2809	2	0	8
2810	2	1	7
2811	1	0	3
2812	2	0	1
2813	4	1	8
2814	2	0	9
2815	2	0	1
2816	2	0	7
2817	2	0	8
2818	2	1	1
2819	2	1	3
2820	2	1	1
2821	2	0	8
2822	2	0	8
2823	2	0	8
2824	2	1	7
2825	2	1	3
2826	2	1	7
2827	2	0	3
2828	2	1	9
2829	2	0	9
2830	2	1	1
2831	2	1	1
2832	2	0	8
2833	2	1	6
2834	1	1	8
2835	2	0	5
2836	2	0	1
2837	2	1	3
2838	2	1	1
2839	5	1	3
2840	2	0	2
2841	1	1	4
2842	2	0	3
2843	1	1	5
2844	2	1	2
2845	2	1	1
2846	4	0	8
2847	7	1	9
2848	1	0	9
2849	2	0	4
2850	2	1	7
2851	2	0	9
2852	2	1	2
2853	2	1	1
2854	2	1	1
2855	2	1	1
2856	2	0	3
2857	2	1	3
2858	2	0	7
2859	2	1	4
2860	1	1	1
2861	3	0	4
2862	2	1	4
2863	2	1	6
2864	2	1	1
2865	2	0	9
2866	2	1	10
2867	2	1	3
2868	2	0	3
2869	4	0	6
2870	1	0	7
2871	2	0	9
2872	3	1	5
2873	3	1	3
2874	2	0	4
2875	2	0	1
2876	2	1	3
2877	1	0	3
2878	2	1	1
2879	2	0	4
2880	2	1	1
2881	2	1	1
2882	2	0	1
2883	2	0	8
2884	2	0	6
2885	2	0	5
2886	2	1	8
2887	2	1	2
2888	2	1	1
2889	2	0	9
2890	2	1	3
2891	1	0	7
2892	2	1	8
2893	1	1	1
2894	2	0	9
2895	2	1	9
2896	2	1	1
2897	2	1	3
2898	2	0	2
2899	2	1	6
2900	2	1	6
2901	3	1	1
2902	2	0	7
2903	2	0	7
2904	2	1	3
2905	2	1	8
2906	2	1	1
2907	2	0	2
2908	1	0	4
2909	2	0	6
2910	2	1	1
2911	3	0	3
2912	2	0	6
2913	2	1	4
2914	1	1	4
2915	1	1	9
2916	1	1	4
2917	2	1	5
2918	2	0	9
2919	1	0	3
2920	2	0	1
2921	2	1	8
2922	2	0	10
2923	2	1	3
2924	2	0	3
2925	1	0	1
2926	2	0	5
2927	1	0	8
2928	3	0	3
2929	1	1	1
2930	1	1	1
2931	2	0	6
2932	2	0	1
2933	2	1	7
2934	2	0	3
2935	2	1	5
2936	2	1	9
2937	1	1	1
2938	2	0	5
2939	1	0	1
2940	2	0	8
2941	2	0	6
2942	2	1	4
2943	1	0	6
2944	2	1	3
2945	2	1	1
2946	2	0	9
2947	2	1	1
2948	2	0	1
2949	2	1	3
2950	2	1	6
2951	2	1	1
2952	2	1	9
2953	1	0	3
2954	2	1	3
2955	1	0	1
2956	2	1	9
2957	1	0	1
2958	2	0	1
2959	2	0	9
2960	2	0	1
2961	2	0	6
2962	2	1	4
2963	2	0	2
2964	2	0	3
2965	2	0	8
2966	2	0	9
2967	1	0	1
2968	2	1	7
2969	2	0	1
2970	2	0	1
2971	2	0	1
2972	2	0	1
2973	2	1	3
2974	1	1	8
2975	2	0	8
2976	2	1	1
2977	2	0	4
2978	2	0	4
2979	2	0	3
2980	2	0	6
2981	2	0	1
2982	2	1	9
2983	2	1	1
2984	2	1	3
2985	2	0	2
2986	2	1	5
2987	2	0	3
2988	1	0	4
2989	1	0	8
2990	2	1	9
2991	2	0	7
2992	4	0	5
2993	2	0	1
2994	2	1	8
2995	2	0	1
2996	2	0	1
2997	2	1	3
2998	2	1	1
2999	2	1	7
3000	5	0	7
3001	2	0	6
3002	2	0	6
3003	2	0	3
3004	1	1	5
3005	2	0	9
3006	2	1	1
3007	2	1	3
3008	2	1	4
3009	1	1	10
3010	2	1	1
3011	2	0	7
3012	2	1	1
3013	2	0	3
3014	1	0	4
3015	2	1	6
3016	2	1	3
3017	2	1	1
3018	5	0	4
3019	2	1	9
3020	2	1	9
3021	1	1	1
3022	2	0	8
3023	2	0	4
3024	2	1	8
3025	1	1	4
3026	1	1	9
3027	2	0	7
3028	2	0	3
3029	2	0	2
3030	2	0	9
3031	2	0	1
3032	2	1	4
3033	2	0	3
3034	1	1	1
3035	5	0	7
3036	2	1	9
3037	1	0	1
3038	2	0	1
3039	2	1	3
3040	2	1	9
3041	2	0	6
3042	2	0	7
3043	2	0	9
3044	2	1	5
3045	2	1	1
3046	1	0	3
3047	2	0	9
3048	2	1	9
3049	2	1	1
3050	1	1	7
3051	2	0	6
3052	2	1	6
3053	2	0	7
3054	2	1	3
3055	2	1	1
3056	2	0	1
3057	2	0	6
3058	1	0	6
3059	2	1	1
3060	2	1	3
3061	2	1	2
3062	2	0	1
3063	2	1	3
3064	2	0	9
3065	2	1	5
3066	2	1	3
3067	2	0	2
3068	2	0	7
3069	2	1	1
3070	2	0	9
3071	1	1	1
3072	2	1	1
3073	2	0	1
3074	1	1	8
3075	2	1	3
3076	1	0	7
3077	2	1	1
3078	2	1	1
3079	2	0	1
3080	3	1	10
3081	1	1	8
3082	2	1	5
3083	2	1	8
3084	2	0	1
3085	4	0	1
3086	2	1	5
3087	2	0	4
3088	1	1	6
3089	2	0	3
3090	2	1	1
3091	2	0	8
3092	2	1	1
3093	2	1	1
3094	2	1	7
3095	2	1	8
3096	1	0	2
3097	2	0	9
3098	5	1	4
3099	2	1	4
3100	1	1	6
3101	2	0	7
3102	2	1	6
3103	2	1	8
3104	2	1	1
3105	2	1	1
3106	2	1	1
3107	1	0	9
3108	5	0	1
3109	1	1	9
3110	2	0	3
3111	2	1	8
3112	2	1	1
3113	2	0	6
3114	5	1	6
3115	2	1	6
3116	2	0	9
3117	2	0	5
3118	2	1	7
3119	2	1	9
3120	2	0	4
3121	2	1	1
3122	1	1	4
3123	2	1	9
3124	3	0	6
3125	2	1	7
3126	1	0	3
3127	2	0	9
3128	2	0	7
3129	1	0	6
3130	7	0	2
3131	4	1	8
3132	1	1	6
3133	2	0	1
3134	2	0	8
3135	2	1	5
3136	2	1	8
3137	2	0	7
3138	2	1	6
3139	2	1	2
3140	2	1	9
3141	2	0	8
3142	2	0	9
3143	2	0	1
3144	1	1	9
3145	2	1	1
3146	7	1	4
3147	2	1	9
3148	4	0	10
3149	3	1	4
3150	1	0	8
3151	2	1	9
3152	2	1	3
3153	2	0	1
3154	4	1	9
3155	2	1	8
3156	7	1	8
3157	1	0	9
3158	2	0	6
3159	2	0	7
3160	2	1	3
3161	2	0	2
3162	2	1	9
3163	2	0	3
3164	2	1	1
3165	2	1	8
3166	2	0	8
3167	2	1	8
3168	2	1	2
3169	2	1	7
3170	1	1	8
3171	1	1	3
3172	2	1	2
3173	4	1	8
3174	2	0	6
3175	1	0	1
3176	2	1	9
3177	2	1	8
3178	2	0	8
3179	2	1	7
3180	2	1	3
3181	2	1	3
3182	2	0	6
3183	2	0	6
3184	2	0	1
3185	6	1	7
3186	2	1	9
3187	2	1	8
3188	2	0	8
3189	1	0	1
3190	2	1	1
3191	2	1	3
3192	2	1	8
3193	2	1	3
3194	2	0	7
3195	2	0	9
3196	2	1	1
3197	2	0	6
3198	2	0	2
3199	2	0	2
3200	2	1	5
3201	2	1	1
3202	2	1	9
3203	2	0	4
3204	2	0	2
3205	1	1	3
3206	2	1	9
3207	1	0	7
3208	2	1	1
3209	2	1	10
3210	2	1	3
3211	2	1	8
3212	2	0	6
3213	2	1	4
3214	2	0	4
3215	1	1	1
3216	2	1	4
3217	2	1	6
3218	7	0	3
3219	2	0	2
3220	2	1	2
3221	2	1	1
3222	2	0	7
3223	2	0	4
3224	2	1	5
3225	1	0	1
3226	2	1	1
3227	2	1	6
3228	2	0	5
3229	2	1	5
3230	2	0	4
3231	2	1	3
3232	2	1	7
3233	2	1	1
3234	2	1	7
3235	1	0	8
3236	2	1	1
3237	2	1	1
3238	2	1	8
3239	2	0	3
3240	4	1	3
3241	2	1	9
3242	2	1	1
3243	2	0	1
3244	2	1	1
3245	2	1	1
3246	2	1	1
3247	1	0	6
3248	2	0	7
3249	2	1	5
3250	2	1	1
3251	2	0	1
3252	1	0	3
3253	2	1	1
3254	4	1	1
3255	2	1	9
3256	2	0	3
3257	2	0	3
3258	1	1	4
3259	2	1	7
3260	2	1	7
3261	1	0	8
3262	2	1	7
3263	2	1	4
3264	2	1	8
3265	5	1	9
3266	2	1	2
3267	1	1	6
3268	2	1	8
3269	4	0	6
3270	2	1	6
3271	2	0	1
3272	4	0	3
3273	2	1	8
3274	2	1	1
3275	2	1	7
3276	2	0	4
3277	2	1	8
3278	2	1	8
3279	1	0	7
3280	2	0	2
3281	2	0	1
3282	7	0	9
3283	3	0	1
3284	7	0	5
3285	2	1	1
3286	2	0	7
3287	2	1	3
3288	3	0	5
3289	2	0	5
3290	1	1	7
3291	4	1	9
3292	2	1	7
3293	1	1	9
3294	2	1	4
3295	1	0	1
3296	2	1	3
3297	2	0	4
3298	1	0	5
3299	2	1	6
3300	1	1	9
3301	2	0	3
3302	1	0	1
3303	1	1	4
3304	2	0	9
3305	2	1	6
3306	1	0	9
3307	2	0	6
3308	2	0	1
3309	2	1	7
3310	2	0	3
3311	1	0	3
3312	3	0	9
3313	1	0	1
3314	1	1	1
3315	2	1	1
3316	2	0	9
3317	1	1	1
3318	2	1	1
3319	2	1	9
3320	2	0	1
3321	2	0	8
3322	2	0	8
3323	2	1	3
3324	2	0	1
3325	2	1	8
3326	3	0	4
3327	2	1	3
3328	2	0	1
3329	2	1	1
3330	2	0	2
3331	2	1	1
3332	1	0	6
3333	2	1	7
3334	4	0	9
3335	2	0	6
3336	2	1	1
3337	1	1	1
3338	2	0	1
3339	2	0	3
3340	2	0	9
3341	2	1	9
3342	2	0	1
3343	2	1	3
3344	2	0	3
3345	2	1	6
3346	2	0	1
3347	1	0	1
3348	2	0	7
3349	2	0	2
3350	1	0	4
3351	2	1	1
3352	2	1	6
3353	2	1	9
3354	2	0	1
3355	2	1	3
3356	2	1	1
3357	2	1	9
3358	2	0	4
3359	2	1	3
3360	2	0	1
3361	2	1	8
3362	2	1	7
3363	2	1	9
3364	5	1	8
3365	2	1	1
3366	5	1	6
3367	2	0	8
3368	1	0	3
3369	2	0	2
3370	2	0	7
3371	2	1	1
3372	2	0	8
3373	2	1	1
3374	2	1	3
3375	4	0	1
3376	2	0	2
3377	2	1	5
3378	2	1	9
3379	2	1	6
3380	2	1	9
3381	1	1	7
3382	2	0	9
3383	2	1	1
3384	5	1	6
3385	1	1	8
3386	2	1	3
3387	2	0	1
3388	2	1	9
3389	2	0	1
3390	2	1	9
3391	2	0	1
3392	1	0	2
3393	2	1	9
3394	4	0	8
3395	2	0	1
3396	2	1	4
3397	2	1	10
3398	1	0	4
3399	2	0	1
3400	2	1	6
3401	2	1	1
3402	2	0	8
3403	2	1	3
3404	2	0	5
3405	2	0	9
3406	2	0	1
3407	2	0	6
3408	1	0	3
3409	2	1	4
3410	2	0	10
3411	2	0	1
3412	2	0	1
3413	2	0	4
3414	1	0	4
3415	2	1	7
3416	2	0	6
3417	2	0	9
3418	1	0	6
3419	2	0	1
3420	1	0	9
3421	2	1	3
3422	2	1	8
3423	2	1	7
3424	2	1	1
3425	2	1	1
3426	5	1	9
3427	1	1	2
3428	2	1	1
3429	2	0	1
3430	1	0	9
3431	1	0	3
3432	2	0	3
3433	2	0	9
3434	2	0	4
3435	2	1	1
3436	5	0	2
3437	2	1	7
3438	2	1	4
3439	2	1	7
3440	2	0	9
3441	2	0	4
3442	2	1	5
3443	1	1	2
3444	3	1	8
3445	2	0	8
3446	1	1	1
3447	2	0	7
3448	1	0	1
3449	1	1	9
3450	2	1	6
3451	4	1	9
3452	6	1	8
3453	2	1	8
3454	2	1	1
3455	2	0	8
3456	2	0	5
3457	2	0	1
3458	2	1	2
3459	2	1	4
3460	2	1	1
3461	2	0	7
3462	2	1	6
3463	1	0	4
3464	4	0	6
3465	1	1	7
3466	1	1	4
3467	2	1	1
3468	2	1	9
3469	4	0	3
3470	2	1	7
3471	7	0	4
3472	2	0	3
3473	2	0	10
3474	1	0	1
3475	2	0	3
3476	2	0	9
3477	2	1	6
3478	5	0	9
3479	1	0	8
3480	2	0	1
3481	2	1	7
3482	2	1	1
3483	2	1	6
3484	2	1	7
3485	2	1	7
3486	3	0	9
3487	2	1	1
3488	2	1	8
3489	2	1	4
3490	2	1	1
3491	2	1	6
3492	3	1	9
3493	1	1	1
3494	2	0	9
3495	2	0	1
3496	2	0	4
3497	1	0	6
3498	2	0	1
3499	2	0	4
3500	2	0	9
3501	2	0	9
3502	2	1	1
3503	2	0	1
3504	1	1	8
3505	2	1	7
3506	2	0	7
3507	2	1	8
3508	2	1	7
3509	2	0	3
3510	2	1	8
3511	1	1	3
3512	2	1	5
3513	2	1	7
3514	2	1	8
3515	2	1	7
3516	2	1	3
3517	2	0	2
3518	3	0	1
3519	2	0	3
3520	2	0	3
3521	1	1	3
3522	2	0	3
3523	2	0	6
3524	5	0	5
3525	2	0	3
3526	2	0	3
3527	3	1	7
3528	1	1	7
3529	2	0	3
3530	2	1	4
3531	2	0	6
3532	2	0	3
3533	2	0	3
3534	2	1	7
3535	2	0	7
3536	2	0	3
3537	4	1	3
3538	2	1	9
3539	2	0	1
3540	2	1	8
3541	5	1	4
3542	2	0	9
3543	2	0	8
3544	2	1	9
3545	2	1	1
3546	1	1	9
3547	2	0	6
3548	2	0	1
3549	2	0	6
3550	2	1	8
3551	2	1	3
3552	2	1	9
3553	2	0	9
3554	2	0	6
3555	2	0	9
3556	2	1	3
3557	2	0	1
3558	4	1	3
3559	2	1	1
3560	2	1	4
3561	2	1	6
3562	2	1	7
3563	2	0	4
3564	2	0	5
3565	1	0	9
3566	2	0	9
3567	4	1	8
3568	2	0	4
3569	2	0	6
3570	2	1	4
3571	5	1	1
3572	2	0	6
3573	2	1	6
3574	2	1	4
3575	2	0	3
3576	1	0	8
3577	2	1	4
3578	2	0	10
3579	2	0	2
3580	2	0	1
3581	2	1	1
3582	2	1	8
3583	2	1	1
3584	1	0	3
3585	1	1	6
3586	2	0	7
3587	2	0	8
3588	2	1	7
3589	2	1	8
3590	2	1	4
3591	2	0	1
3592	2	0	2
3593	4	0	9
3594	2	0	3
3595	2	1	3
3596	2	1	9
3597	4	1	9
3598	2	1	5
3599	2	1	1
3600	2	1	8
3601	2	1	1
3602	2	0	1
3603	2	1	9
3604	2	1	9
3605	2	0	6
3606	2	0	1
3607	2	0	8
3608	2	1	8
3609	2	0	2
3610	2	1	5
3611	2	1	4
3612	2	0	4
3613	2	1	8
3614	2	0	2
3615	1	0	8
3616	2	0	2
3617	2	0	2
3618	2	1	8
3619	1	0	6
3620	2	1	9
3621	2	1	9
3622	1	1	6
3623	1	0	1
3624	2	1	8
3625	1	0	3
3626	2	0	8
3627	2	1	9
3628	6	1	4
3629	2	0	2
3630	2	0	9
3631	1	0	8
3632	2	0	6
3633	2	1	2
3634	2	0	9
3635	2	0	10
3636	2	1	4
3637	2	1	5
3638	1	1	8
3639	2	1	3
3640	6	1	5
3641	2	1	1
3642	2	0	1
3643	1	0	9
3644	2	1	9
3645	1	1	6
3646	5	0	1
3647	2	1	8
3648	2	1	4
3649	2	1	6
3650	2	0	1
3651	3	0	2
3652	1	1	3
3653	1	1	2
3654	2	0	7
3655	2	1	1
3656	2	1	8
3657	2	0	6
3658	2	1	9
3659	2	1	6
3660	2	1	9
3661	2	0	9
3662	1	0	1
3663	1	0	7
3664	2	1	5
3665	2	0	1
3666	2	1	3
3667	2	1	1
3668	7	0	1
3669	2	1	3
3670	2	0	6
3671	1	0	5
3672	2	1	2
3673	2	0	9
3674	2	1	6
3675	1	1	1
3676	2	0	4
3677	1	1	3
3678	2	0	10
3679	2	1	1
3680	2	1	7
3681	1	1	1
3682	2	1	8
3683	2	0	1
3684	2	1	8
3685	2	0	4
3686	2	0	4
3687	2	1	8
3688	4	0	6
3689	2	0	7
3690	3	0	1
3691	2	0	1
3692	2	0	3
3693	2	0	6
3694	1	0	1
3695	2	0	8
3696	2	1	7
3697	2	1	5
3698	1	1	7
3699	2	1	3
3700	2	0	6
3701	1	1	1
3702	2	1	4
3703	1	1	1
3704	2	1	7
3705	2	1	3
3706	1	1	6
3707	5	0	5
3708	2	1	1
3709	3	1	7
3710	2	0	3
3711	1	0	5
3712	2	1	1
3713	2	0	7
3714	2	0	1
3715	2	1	9
3716	2	0	3
3717	2	0	5
3718	2	1	8
3719	1	1	4
3720	2	1	7
3721	3	1	1
3722	2	1	6
3723	2	0	5
3724	2	0	5
3725	1	1	6
3726	2	1	4
3727	2	1	3
3728	2	1	4
3729	2	1	4
3730	2	0	9
3731	2	0	8
3732	7	1	8
3733	1	0	9
3734	1	0	2
3735	1	1	1
3736	2	0	6
3737	2	1	1
3738	1	1	6
3739	2	0	1
3740	1	0	3
3741	2	0	5
3742	2	1	3
3743	2	1	5
3744	2	0	1
3745	1	1	1
3746	2	0	9
3747	5	0	4
3748	2	1	9
3749	3	0	1
3750	2	0	1
3751	2	0	2
3752	2	1	3
3753	2	1	5
3754	1	0	3
3755	2	1	1
3756	2	1	4
3757	2	0	5
3758	2	1	2
3759	2	1	1
3760	7	1	5
3761	2	1	2
3762	1	0	6
3763	2	1	7
3764	2	1	4
3765	2	0	2
3766	2	0	1
3767	1	0	8
3768	2	0	8
3769	2	1	4
3770	1	0	8
3771	2	0	3
3772	2	0	9
3773	2	0	1
3774	2	1	9
3775	2	1	1
3776	2	1	5
3777	4	1	3
3778	2	1	7
3779	1	1	4
3780	2	1	1
3781	1	0	4
3782	2	0	8
3783	2	1	4
3784	2	1	7
3785	2	0	9
3786	2	1	4
3787	2	0	4
3788	2	0	1
3789	2	1	3
3790	2	0	8
3791	2	0	9
3792	1	1	1
3793	3	0	1
3794	1	1	8
3795	2	1	7
3796	2	1	7
3797	2	1	4
3798	2	1	9
3799	2	0	4
3800	2	0	1
3801	2	1	6
3802	2	1	9
3803	2	0	1
3804	1	1	3
3805	2	1	2
3806	2	0	9
3807	2	0	3
3808	2	1	8
3809	1	1	6
3810	1	1	1
3811	2	0	10
3812	2	1	6
3813	2	1	1
3814	2	0	8
3815	2	1	5
3816	2	0	7
3817	2	1	3
3818	2	1	1
3819	2	0	3
3820	2	0	8
3821	1	1	1
3822	1	1	1
3823	1	0	7
3824	2	1	1
3825	2	0	7
3826	2	0	7
3827	5	1	1
3828	2	1	3
3829	2	0	4
3830	2	1	8
3831	2	1	1
3832	2	0	1
3833	2	0	7
3834	6	1	4
3835	1	1	8
3836	1	1	1
3837	2	1	1
3838	3	1	4
3839	1	0	1
3840	4	1	6
3841	2	1	1
3842	2	0	1
3843	3	0	1
3844	2	1	8
3845	2	0	1
3846	2	0	6
3847	2	1	3
3848	2	0	3
3849	1	1	3
3850	2	0	6
3851	4	0	5
3852	2	0	7
3853	2	1	1
3854	4	1	3
3855	2	1	1
3856	7	1	3
3857	2	0	6
3858	1	1	1
3859	2	0	8
3860	2	1	1
3861	2	1	9
3862	5	1	1
3863	1	0	9
3864	2	1	1
3865	2	1	3
3866	5	1	8
3867	2	1	1
3868	2	0	8
3869	2	0	1
3870	5	0	4
3871	2	0	1
3872	5	1	9
3873	2	0	9
3874	2	1	5
3875	1	0	6
3876	2	0	2
3877	2	0	5
3878	2	1	6
3879	2	1	9
3880	3	0	6
3881	2	0	1
3882	2	1	9
3883	2	1	4
3884	2	0	4
3885	2	0	4
3886	2	1	8
3887	2	1	4
3888	2	0	9
3889	2	0	1
3890	2	0	3
3891	4	1	4
3892	2	1	7
3893	1	0	1
3894	2	0	4
3895	2	0	2
3896	2	0	2
3897	1	1	7
3898	2	0	4
3899	2	1	3
3900	2	1	8
3901	2	0	8
3902	2	1	6
3903	2	0	8
3904	2	1	3
3905	1	0	8
3906	2	0	4
3907	1	0	1
3908	1	0	8
3909	2	0	9
3910	2	0	3
3911	2	0	8
3912	1	1	2
3913	2	1	4
3914	2	1	3
3915	2	1	3
3916	2	0	5
3917	2	0	7
3918	2	0	1
3919	2	1	6
3920	2	1	5
3921	4	1	7
3922	2	0	7
3923	2	0	1
3924	2	1	1
3925	2	0	6
3926	2	1	9
3927	2	0	5
3928	3	0	1
3929	7	1	7
3930	2	1	1
3931	1	0	4
3932	2	1	8
3933	5	0	6
3934	2	1	7
3935	2	0	1
3936	2	1	3
3937	2	0	1
3938	2	1	9
3939	5	1	4
3940	4	0	8
3941	1	1	5
3942	2	1	1
3943	2	1	9
3944	2	0	1
3945	4	0	10
3946	2	1	9
3947	1	1	2
3948	2	1	2
3949	1	1	4
3950	2	0	9
3951	4	0	7
3952	1	0	3
3953	5	1	7
3954	1	1	8
3955	2	1	1
3956	2	0	1
3957	1	0	6
3958	4	0	2
3959	2	0	3
3960	2	0	3
3961	3	1	6
3962	1	0	8
3963	2	0	1
3964	4	1	6
3965	2	0	8
3966	2	0	2
3967	2	1	1
3968	2	1	4
3969	2	0	6
3970	2	1	6
3971	2	1	9
3972	2	1	6
3973	1	1	1
3974	2	1	8
3975	2	1	8
3976	2	1	6
3977	2	1	4
3978	2	1	4
3979	2	1	6
3980	2	0	3
3981	2	0	1
3982	2	1	1
3983	2	1	8
3984	2	1	1
3985	2	1	9
3986	2	0	2
3987	2	1	3
3988	1	1	1
3989	5	1	8
3990	3	1	1
3991	2	1	4
3992	2	1	5
3993	2	1	1
3994	2	0	8
3995	2	0	1
3996	2	1	1
3997	2	0	1
3998	2	1	8
3999	2	0	5
4000	2	0	7
4001	2	0	7
4002	2	1	4
4003	1	1	1
4004	2	0	5
4005	2	1	9
4006	2	1	3
4007	2	1	1
4008	2	1	3
4009	1	0	1
4010	2	1	1
4011	1	1	1
4012	2	0	4
4013	2	1	1
4014	2	1	7
4015	3	1	4
4016	2	1	7
4017	2	0	1
4018	2	1	3
4019	2	0	9
4020	4	1	3
4021	2	1	9
4022	1	0	1
4023	2	1	1
4024	2	0	2
4025	1	1	8
4026	3	1	2
4027	2	1	3
4028	1	1	6
4029	2	0	9
4030	4	1	10
4031	2	1	1
4032	2	0	8
4033	2	0	8
4034	2	1	1
4035	2	0	1
4036	2	1	8
4037	2	0	4
4038	1	1	4
4039	2	1	4
4040	2	1	7
4041	2	1	9
4042	2	0	1
4043	2	1	2
4044	2	1	3
4045	2	0	8
4046	2	0	7
4047	1	1	5
4048	2	1	7
4049	2	1	1
4050	1	1	4
4051	5	0	1
4052	2	1	3
4053	2	0	5
4054	2	1	3
4055	2	1	9
4056	2	0	3
4057	2	0	1
4058	2	1	1
4059	2	0	1
4060	3	1	7
4061	2	1	9
4062	2	1	9
4063	2	1	8
4064	2	1	4
4065	1	0	6
4066	2	0	1
4067	2	0	3
4068	2	0	6
4069	2	0	4
4070	2	1	1
4071	2	0	5
4072	2	1	3
4073	2	1	6
4074	2	0	9
4075	2	1	9
4076	2	1	3
4077	2	0	5
4078	2	1	9
4079	1	1	1
4080	1	0	2
4081	2	1	1
4082	2	1	10
4083	1	0	1
4084	2	0	6
4085	1	1	8
4086	2	0	4
4087	2	0	3
4088	2	1	7
4089	2	1	2
4090	2	0	6
4091	2	0	8
4092	2	0	8
4093	2	1	5
4094	2	0	9
4095	1	0	6
4096	1	1	4
4097	2	1	3
4098	2	1	1
4099	1	1	3
4100	2	1	1
4101	2	1	9
4102	2	1	5
4103	2	0	8
4104	1	1	3
4105	1	1	1
4106	1	1	6
4107	5	1	5
4108	2	1	3
4109	2	1	2
4110	2	0	8
4111	2	1	8
4112	7	0	9
4113	2	0	4
4114	2	1	7
4115	2	1	6
4116	2	1	6
4117	1	1	1
4118	1	0	1
4119	1	0	1
4120	2	1	1
4121	2	1	1
4122	2	1	4
4123	2	0	4
4124	2	0	7
4125	2	1	4
4126	2	0	3
4127	1	1	6
4128	1	0	5
4129	2	0	8
4130	2	0	1
4131	1	0	5
4132	2	1	3
4133	2	1	2
4134	2	0	5
4135	2	1	2
4136	3	1	3
4137	2	0	10
4138	3	0	1
4139	4	0	8
4140	4	0	1
4141	2	0	8
4142	1	1	6
4143	2	1	1
4144	2	1	3
4145	2	1	3
4146	2	1	5
4147	2	1	4
4148	1	1	7
4149	2	1	3
4150	2	1	8
4151	3	1	7
4152	1	1	7
4153	4	1	7
4154	3	1	3
4155	2	1	3
4156	2	0	1
4157	1	0	8
4158	2	0	6
4159	2	0	1
4160	1	0	1
4161	2	0	9
4162	2	0	9
4163	2	1	3
4164	2	1	1
4165	2	1	7
4166	2	0	4
4167	2	1	8
4168	2	1	2
4169	4	0	5
4170	2	1	9
4171	2	1	5
4172	2	0	8
4173	2	0	1
4174	2	1	5
4175	2	0	7
4176	1	1	6
4177	2	1	1
4178	2	1	2
4179	7	0	4
4180	2	1	3
4181	2	1	1
4182	2	1	9
4183	2	1	6
4184	4	0	2
4185	2	0	4
4186	2	1	1
4187	2	0	10
4188	2	1	3
4189	5	0	3
4190	3	1	2
4191	2	0	1
4192	1	0	9
4193	2	1	1
4194	2	1	8
4195	1	0	4
4196	2	1	1
4197	3	1	4
4198	2	0	6
4199	2	1	7
4200	2	1	8
4201	2	1	3
4202	2	0	8
4203	2	0	6
4204	2	1	7
4205	1	1	8
4206	2	1	7
4207	2	0	1
4208	2	0	9
4209	4	1	1
4210	2	1	1
4211	2	1	1
4212	2	1	9
4213	2	1	9
4214	2	1	1
4215	2	1	9
4216	2	0	3
4217	3	1	7
4218	1	0	5
4219	2	1	1
4220	2	0	6
4221	2	1	4
4222	2	1	9
4223	2	0	7
4224	2	1	6
4225	2	1	7
4226	2	1	1
4227	2	1	2
4228	1	0	6
4229	2	1	8
4230	2	1	3
4231	2	1	8
4232	7	1	4
4233	2	1	1
4234	3	1	1
4235	2	1	1
4236	2	0	7
4237	2	1	1
4238	2	0	9
4239	2	1	9
4240	2	1	3
4241	2	0	3
4242	2	1	8
4243	2	1	1
4244	2	1	4
4245	2	1	6
4246	2	1	1
4247	1	1	1
4248	2	0	5
4249	1	0	3
4250	1	1	4
4251	1	1	4
4252	2	0	7
4253	2	1	4
4254	3	0	3
4255	1	1	1
4256	2	0	3
4257	2	1	7
4258	2	0	9
4259	4	1	9
4260	2	1	4
4261	6	0	1
4262	1	1	1
4263	2	0	9
4264	2	1	9
4265	2	0	1
4266	1	1	1
4267	2	1	1
4268	1	1	3
4269	1	1	6
4270	2	0	1
4271	2	0	1
4272	2	1	1
4273	2	1	7
4274	3	1	3
4275	2	0	4
4276	2	1	7
4277	2	1	1
4278	3	1	6
4279	2	0	2
4280	2	1	3
4281	2	1	4
4282	2	0	4
4283	2	1	7
4284	2	1	9
4285	1	1	5
4286	2	0	1
4287	1	1	1
4288	2	0	3
4289	2	0	1
4290	2	1	7
4291	2	1	9
4292	2	0	1
4293	2	1	6
4294	2	1	1
4295	2	0	4
4296	2	0	1
4297	2	1	6
4298	2	0	7
4299	2	1	5
4300	2	0	7
4301	2	0	3
4302	2	1	3
4303	2	1	1
4304	5	0	3
4305	5	0	4
4306	1	1	6
4307	4	0	1
4308	2	1	1
4309	2	1	3
4310	2	0	1
4311	2	1	9
4312	2	0	1
4313	2	0	9
4314	2	0	1
4315	2	1	9
4316	1	1	3
4317	2	1	9
4318	2	1	5
4319	2	0	1
4320	2	0	5
4321	2	1	2
4322	2	1	4
4323	2	1	2
4324	2	1	9
4325	5	1	3
4326	3	0	4
4327	4	1	7
4328	2	1	3
4329	2	0	9
4330	2	0	3
4331	2	0	1
4332	2	0	1
4333	1	0	1
4334	3	1	2
4335	2	1	8
4336	2	1	5
4337	2	1	4
4338	2	0	4
4339	2	1	9
4340	2	0	5
4341	3	1	3
4342	2	0	1
4343	2	1	3
4344	2	1	1
4345	1	0	4
4346	2	1	1
4347	2	1	8
4348	2	1	1
4349	2	1	3
4350	1	1	7
4351	2	1	3
4352	2	0	6
4353	1	1	3
4354	2	1	1
4355	2	0	8
4356	2	1	5
4357	2	1	1
4358	2	1	9
4359	1	1	1
4360	3	1	3
4361	2	0	1
4362	1	1	1
4363	2	1	9
4364	2	0	3
4365	2	1	1
4366	1	1	7
4367	1	0	9
4368	4	1	1
4369	1	0	1
4370	1	1	4
4371	2	1	5
4372	2	1	4
4373	2	1	1
4374	2	1	1
4375	2	1	1
4376	4	1	8
4377	2	1	6
4378	1	1	5
4379	2	0	2
4380	2	1	1
4381	1	1	1
4382	2	0	9
4383	2	0	4
4384	1	0	4
4385	2	1	6
4386	1	1	8
4387	3	0	7
4388	2	1	1
4389	2	1	1
4390	2	1	7
4391	2	1	4
4392	2	0	9
4393	2	0	8
4394	2	1	3
4395	2	0	10
4396	2	1	4
4397	5	1	6
4398	1	0	9
4399	2	1	3
4400	2	1	5
4401	2	1	3
4402	2	0	9
4403	2	1	8
4404	1	1	5
4405	2	0	1
4406	2	0	8
4407	2	0	6
4408	3	1	1
4409	2	0	8
4410	2	0	1
4411	2	0	1
4412	2	0	9
4413	2	1	9
4414	1	0	1
4415	2	1	6
4416	2	0	4
4417	3	1	8
4418	4	1	3
4419	1	0	5
4420	2	0	1
4421	2	1	1
4422	1	1	6
4423	2	0	3
4424	2	1	4
4425	1	1	5
4426	2	1	3
4427	2	0	6
4428	2	0	8
4429	2	1	9
4430	2	1	9
4431	2	1	1
4432	1	0	7
4433	2	1	3
4434	2	0	7
4435	1	0	1
4436	2	1	9
4437	1	0	2
4438	2	0	3
4439	2	1	8
4440	2	1	1
4441	1	0	1
4442	1	0	4
4443	2	1	3
4444	2	0	6
4445	1	0	3
4446	2	1	1
4447	2	0	1
4448	5	1	1
4449	2	1	1
4450	2	1	6
4451	2	1	6
4452	2	0	1
4453	1	0	5
4454	5	0	7
4455	2	1	7
4456	1	1	8
4457	2	1	6
4458	2	0	9
4459	2	1	6
4460	2	1	1
4461	2	1	5
4462	2	1	7
4463	2	1	1
4464	2	0	9
4465	2	0	1
4466	2	1	3
4467	2	1	8
4468	2	1	8
4469	2	0	1
4470	2	0	8
4471	2	0	1
4472	2	1	10
4473	2	0	5
4474	2	1	1
4475	2	1	1
4476	2	0	6
4477	2	0	8
4478	2	0	4
4479	2	0	6
4480	2	1	9
4481	2	1	7
4482	2	1	5
4483	2	1	9
4484	2	1	5
4485	2	0	3
4486	1	1	8
4487	2	0	8
4488	2	1	1
4489	2	0	6
4490	2	1	7
4491	2	1	1
4492	2	1	1
4493	2	1	8
4494	2	1	1
4495	2	1	2
4496	2	0	1
4497	2	1	8
4498	1	1	1
4499	2	0	9
4500	2	1	9
4501	2	1	3
4502	1	1	1
4503	3	1	9
4504	2	1	4
4505	2	1	9
4506	2	0	9
4507	5	0	6
4508	2	1	7
4509	2	1	4
4510	4	0	5
4511	2	0	9
4512	2	1	8
4513	2	0	7
4514	2	0	9
4515	2	0	1
4516	3	0	4
4517	1	1	9
4518	1	0	5
4519	2	0	4
4520	1	1	3
4521	2	0	1
4522	2	0	6
4523	2	1	8
4524	2	0	6
4525	2	0	9
4526	3	0	2
4527	2	1	1
4528	2	0	8
4529	2	1	4
4530	2	1	8
4531	2	1	4
4532	2	1	6
4533	2	1	4
4534	2	0	6
4535	2	1	3
4536	2	1	6
4537	1	1	5
4538	2	0	3
4539	1	1	6
4540	2	1	8
4541	2	0	3
4542	2	1	3
4543	1	0	8
4544	3	0	8
